name, EFF, INC, REV, DEV, LM_t, LM_t|bne, LM_bne
quadratic, 0.9803353775267475, 0.16149899682798186, 0.913299009431576, 0.15688625937332074, 0.2504656, 0.171966, 0.1717702
proxy, 0.981649774202031, 0.17290076078506245, 0.9190517687600733, 0.13212289526508, 0.1668456, 0.1322412, 0.1997056
shapley, 0.9826213268632252, 0.1597801358298522, 0.9233613680598569, 0.13897553568759619, 0.1947892, 0.1411982, 0.2041334
svcg, 0.9828420547802467, 0.15672397927840523, 0.9247852220365029, 0.14033905935411223, 0.1698182000016019, 0.11965499999977161, 0.18737846666774777
bid, 0.9678524721677162, 0.21448460922167328, 0.8614479188466766, 0.1918534311690077, 0.3337416, 0.2417936, 0.19622
quadratic, 0.980019674515321, 0.1628897493287323, 0.916535414235298, 0.1580425567536385, 0.250422, 0.1713582, 0.1711554
proxy, 0.982874525891579, 0.16612769886697532, 0.932509775372363, 0.1268301785330968, 0.1584828, 0.1270152, 0.1895724
shapley, 0.9833236394849166, 0.1550217078240863, 0.9321265006543779, 0.13718616531841463, 0.1912525, 0.1376301, 0.196333
svcg, 0.9834079033408568, 0.15299724208342305, 0.9329254036502589, 0.13874026783313223, 0.16541726666819165, 0.11579826666627194, 0.17880413333438466
bid, 0.9664549145259832, 0.21898928164301715, 0.8588907667762281, 0.19530418208379283, 0.3420076, 0.2432902, 0.2001536
quadratic, 0.9797118513360356, 0.1642429901215429, 0.9199844633418326, 0.1590739254437357, 0.2504306, 0.1708048, 0.1705982
proxy, 0.9840870701951582, 0.15925934770035413, 0.9462319990600991, 0.12155717539314895, 0.1502196, 0.1216448, 0.179364
shapley, 0.9839513649746483, 0.15082557325545484, 0.9409064175830967, 0.13548025141803718, 0.1878177, 0.1343059, 0.1890093
svcg, 0.9838789325140542, 0.14997773857106705, 0.9405182204153836, 0.1373944914221598, 0.16114326666810155, 0.11206926666609286, 0.1709222000010015
bid, 0.9650188361669411, 0.22336899393942694, 0.8565381933942938, 0.19866700120219585, 0.3503636, 0.2446584, 0.2038984
quadratic, 0.9794381463991764, 0.16551512383958647, 0.9239520765171595, 0.1599089053553993, 0.2503642, 0.170349, 0.1702704
proxy, 0.9853052994205492, 0.15223316151141525, 0.9605926130208629, 0.11615167552792798, 0.1418328, 0.1160256, 0.1691788
shapley, 0.9845739560973604, 0.14687254284999798, 0.9500341086688241, 0.13378553382424965, 0.1842985, 0.1310007, 0.1819403
svcg, 0.9843977819738984, 0.14664429486495859, 0.9491234072439834, 0.1360002331845275, 0.15678346666799475, 0.10808113333255034, 0.1628093333342569
bid, 0.9636098520070436, 0.22758277306779623, 0.8545130690788872, 0.20188041007571206, 0.3586116, 0.2459566, 0.2075762
quadratic, 0.9791614441057107, 0.16682475012105613, 0.9283267532203417, 0.160664947159912, 0.2502822, 0.1698974, 0.16985
proxy, 0.9865116936992906, 0.14507196809029121, 0.9754564120987741, 0.11065260507785694, 0.1333856, 0.110296, 0.1586604
shapley, 0.9852010818399266, 0.14299432467438938, 0.9597205637973008, 0.13199645085328268, 0.1807459, 0.1278008, 0.1749595
svcg, 0.9849784890475572, 0.14323920299879214, 0.958659002917741, 0.1341614550562299, 0.15241760000120022, 0.10448466666570537, 0.15517380000081366
bid, 0.96223744144084, 0.23164050666442948, 0.8528181315120001, 0.2049760316501286, 0.3669726, 0.2470886, 0.2112832
quadratic, 0.9788638297608877, 0.16820175660574696, 0.9329111946611908, 0.16140353799780927, 0.2504432, 0.169575, 0.1695424
proxy, 0.9877073554487925, 0.13779330563473144, 0.9911591230133344, 0.1048355459938978, 0.1251432, 0.1046796, 0.148466
shapley, 0.985766829362243, 0.13946712870043917, 0.9696623654489355, 0.13013390725392607, 0.1773857, 0.1249255, 0.1686719
svcg, 0.9855912035120873, 0.13959591889174872, 0.969263649549029, 0.1320984732376334, 0.1482190666677301, 0.10107286666573925, 0.1475556666673373
bid, 0.9600742650632696, 0.23752547864921142, 0.8449849934689274, 0.21039492739660115, 0.3753522, 0.246204, 0.2120438
quadratic, 0.9784935669852102, 0.16988351665779033, 0.93738732485263, 0.16225369486191235, 0.2503876, 0.1690898, 0.1691016
proxy, 0.9888957587771681, 0.13021354025163237, 1.0070783974251527, 0.09926312085160345, 0.1168248, 0.098642, 0.1380096
shapley, 0.9863380001102751, 0.13595835337382406, 0.9800398390202469, 0.12844881178884812, 0.1738762, 0.1216986, 0.1619664
svcg, 0.9861217961623407, 0.13656839858194147, 0.979387082237911, 0.13033125220522973, 0.14388433333424025, 0.09750619999911389, 0.14031060000049825
bid, 0.9593859468836595, 0.2394909100775049, 0.8497721712042168, 0.21095601130653527, 0.38356, 0.2490576, 0.2179138
quadratic, 0.978166095339838, 0.1714442075151974, 0.942405358056361, 0.16294671929128807, 0.2502908, 0.1686868, 0.1688046
proxy, 0.9900646948591583, 0.12256027799997407, 1.0238295313722623, 0.09339174036194915, 0.1085132, 0.0926532, 0.1277216
shapley, 0.9868816243349156, 0.13276471205896503, 0.9908475558209014, 0.1266564555685059, 0.170375, 0.1187025, 0.1557453
svcg, 0.986579323597931, 0.13399216584480167, 0.9896240633345457, 0.12877626942362197, 0.13956593333406248, 0.0939441333324968, 0.13317860000028375
bid, 0.9579799732041443, 0.24323328267020553, 0.8485241552228121, 0.21382634843909432, 0.391774, 0.2499352, 0.2211094
quadratic, 0.9778080374118471, 0.17299240353694517, 0.9478771384326867, 0.1635403355262362, 0.2503118, 0.168348, 0.168465
proxy, 0.9912175001732166, 0.11462787303684638, 1.0415423152166443, 0.08729608964064432, 0.1002416, 0.0865712, 0.1173392
shapley, 0.9873828187268604, 0.12984733611662028, 1.0020523483938264, 0.12490891011462851, 0.1669551, 0.1156526, 0.1496475
svcg, 0.9871535323029613, 0.13085038775880165, 1.0014867900262636, 0.12651530241714687, 0.13532360000053345, 0.09062253333254676, 0.12635560000002471
bid, 0.9566141843046685, 0.2467787902470224, 0.8477230054682198, 0.2165310335404895, 0.4001526, 0.2507148, 0.2242936
quadratic, 0.9774389044170189, 0.17459276659514042, 0.9535594417079918, 0.16411049064820532, 0.2503698, 0.1681054, 0.1682016
proxy, 0.9923329457407842, 0.10653316259776081, 1.0598980681840875, 0.08111138543804687, 0.0919348, 0.080308, 0.107066
shapley, 0.9878684325118569, 0.12712905630621002, 1.013735103857493, 0.12303065968504838, 0.1635197, 0.1128455, 0.1439486
svcg, 0.9876085196738374, 0.12839112145227485, 1.01295168028734, 0.12464071479376157, 0.13103293333364274, 0.08731553333260125, 0.11978539999972854
bid, 0.9551642660810788, 0.2503682005656539, 0.8468943217735597, 0.21925394425077616, 0.4085342, 0.25145, 0.2272976
quadratic, 0.9770938227221687, 0.17608635433833003, 0.9602279095920293, 0.16442340780411702, 0.250386, 0.1680016, 0.1681306
proxy, 0.9934541202441982, 0.0980229776527198, 1.0799427787314857, 0.07426958314860786, 0.0835528, 0.0739692, 0.0966264
shapley, 0.9883635904899777, 0.12435819180455795, 1.0260054549639952, 0.12076533848219348, 0.1600337, 0.1103686, 0.1388997
svcg, 0.9880872266227944, 0.12579751071065903, 1.0252706630208177, 0.12237409732874313, 0.1266912000000546, 0.08423339999932444, 0.11383066666606946
bid, 0.95269952647026, 0.2564635340405095, 0.8383520500302597, 0.22485961483761654, 0.4167984, 0.2496074, 0.2271924
quadratic, 0.9766245882805012, 0.1779145589557966, 0.9653234323164191, 0.1652284723012358, 0.2504032, 0.1676888, 0.167724
proxy, 0.9944261782925592, 0.08990039124086796, 1.0985412518942719, 0.0686150868577509, 0.075142, 0.0670636, 0.086192
shapley, 0.9887149497520584, 0.12246188433911404, 1.0383671342949121, 0.11919398251991478, 0.1565563, 0.1074329, 0.133392
svcg, 0.9883831110137842, 0.1242044152335519, 1.037241956506029, 0.12087335898563366, 0.12235066666643499, 0.08078286666606836, 0.10737653333231623
bid, 0.9522940022779607, 0.2571248784519108, 0.8459475039472855, 0.22438473622424424, 0.4251546, 0.2527542, 0.2329884
quadratic, 0.976195199724619, 0.17960334872768424, 0.9718000208034214, 0.16566945054087012, 0.2503316, 0.1674562, 0.167456
proxy, 0.9954134932047983, 0.08117765645352537, 1.1193736016336884, 0.06200402636767985, 0.066764, 0.0603148, 0.0759996
shapley, 0.9890749572035734, 0.12053543723452197, 1.051251866431592, 0.11723989080972383, 0.1529955, 0.1047919, 0.1284408
svcg, 0.9887522108576711, 0.12235459704440522, 1.049998723482958, 0.11884434685489273, 0.117979866666111, 0.07762799999948, 0.10164286666549484
bid, 0.9508632918780102, 0.26040825872537826, 0.8455269286400049, 0.22689456103214126, 0.433382, 0.2532724, 0.235621
quadratic, 0.9756774939781219, 0.1815115197431649, 0.978346047482604, 0.16621724648381486, 0.250243, 0.167124, 0.1670834
proxy, 0.9963251329971641, 0.07227697467564795, 1.141123902814039, 0.055279901713836274, 0.0584956, 0.0534604, 0.0658712
shapley, 0.9894078204399029, 0.11883665093224215, 1.0647518046221625, 0.11520499518973877, 0.1495155, 0.1022981, 0.123839
svcg, 0.9890890491986005, 0.12066281541571915, 1.063531728523388, 0.11669767826917757, 0.11368986666576117, 0.07458239999956302, 0.09619146666556623
bid, 0.9490466174583438, 0.26461620359316335, 0.8424197889761116, 0.23042043745476176, 0.4416504, 0.2527022, 0.237239
quadratic, 0.9751325547845434, 0.1834409525038905, 0.9852398409072324, 0.1667334493166495, 0.2503302, 0.1669748, 0.1668434
proxy, 0.9971749216730587, 0.06312553831474772, 1.1639966431664661, 0.04837460217572885, 0.0501344, 0.0463204, 0.0558056
shapley, 0.9896375469281563, 0.11768810312174778, 1.0786055669224273, 0.11334272520649123, 0.1460587, 0.0997772, 0.1194175
svcg, 0.9892831111210055, 0.11971544859319475, 1.0766917860093388, 0.11498903685473466, 0.10938246666536673, 0.07141486666632857, 0.09090013333232021
bid, 0.9475811497144296, 0.26773505689319166, 0.8424808415093112, 0.23279394525863448, 0.4500732, 0.2531406, 0.239779
quadratic, 0.974808055585087, 0.18454554011321134, 0.9944814650461244, 0.16633824794422108, 0.2502994, 0.1671346, 0.1670732
proxy, 0.9980137205461979, 0.0528099705167257, 1.1904686529683441, 0.039992619883904755, 0.0416788, 0.03911, 0.0458208
shapley, 0.9899564458696701, 0.11595341376787621, 1.0933871727115512, 0.11078733599665593, 0.1424976, 0.0976734, 0.11559
svcg, 0.9897223534138161, 0.11735902215658024, 1.0926633455524946, 0.11178837921942504, 0.10498833333158208, 0.06886459999974907, 0.0863515333324077
bid, 0.9453359381556304, 0.27279929692416965, 0.8364531794098344, 0.2373241987202958, 0.458305, 0.251372, 0.24008
quadratic, 0.9739279699938252, 0.1874581835982158, 0.998931072911237, 0.16788044836982974, 0.2503374, 0.166388, 0.1662088
proxy, 0.998548186989513, 0.04476602814671763, 1.2111756057447152, 0.034880185488977214, 0.0332996, 0.0314072, 0.0361288
shapley, 0.989884136276683, 0.1164224064327371, 1.1071644557257092, 0.10962854199070689, 0.1390007, 0.0949056, 0.1114172
svcg, 0.9896467261805791, 0.11782662590351968, 1.1056502121625469, 0.11073026258472324, 0.10065339999831163, 0.0655442666665489, 0.0813951333325362
bid, 0.9447813792801271, 0.27360796689318295, 0.8430692577061373, 0.2372846242698482, 0.4666662, 0.253846, 0.244743
quadratic, 0.9733761105132156, 0.1891622865841692, 1.0069936981324408, 0.16808501860917427, 0.2503282, 0.1662974, 0.1661252
proxy, 0.9991009263151484, 0.0351098611394549, 1.2369933605803096, 0.027598101482587522, 0.02497, 0.0238216, 0.0267152
shapley, 0.9899475172224936, 0.11604713500239701, 1.1223167299559667, 0.1075881890137744, 0.1354942, 0.0927968, 0.1081046
svcg, 0.9895495942251726, 0.11831734373731793, 1.1189831327941189, 0.10950766462911157, 0.0963301999984065, 0.062498133333353544, 0.07705433333267236
bid, 0.9433688264827588, 0.27650721189914834, 0.8434888333619013, 0.2395055081887706, 0.4750012, 0.2540654, 0.2471534
quadratic, 0.9728183680393114, 0.1907571791926371, 1.015353640509449, 0.1681945538339058, 0.2502932, 0.1662258, 0.166013
proxy, 0.999526571331916, 0.02532483429013465, 1.263798435477771, 0.020218129954532406, 0.0167184, 0.0161484, 0.017554
shapley, 0.989849089846297, 0.11658616903159268, 1.136587245590683, 0.1061324953720732, 0.1320788, 0.0905924, 0.1049491
svcg, 0.989379096705125, 0.11920291789724552, 1.132304708240742, 0.10841962418186706, 0.0920677999985173, 0.05956326666683746, 0.07299339999949135
bid, 0.9419867708736329, 0.27921685180823347, 0.8442570862247339, 0.24157180636476325, 0.4832966, 0.2542906, 0.2494904
quadratic, 0.9722114418518703, 0.1925358295364685, 1.0243912316713162, 0.16827329886375636, 0.250298, 0.166246, 0.1660172
proxy, 0.9998255085833824, 0.015273612537059604, 1.2922043511386048, 0.012578621068651817, 0.0083256, 0.0081292, 0.0085856
shapley, 0.989753511938709, 0.11693528862255193, 1.1513487385789916, 0.10444260402256043, 0.128581, 0.088557, 0.102037
svcg, 0.9895477478780124, 0.11810806393547535, 1.150047681559009, 0.10531770058165325, 0.0877033333319852, 0.05728160000030622, 0.06953853333297415
bid, 0.9405790441424705, 0.2819315540162024, 0.8451573881978578, 0.24365028336201314, 0.4916452, 0.254491, 0.251818
quadratic, 0.9720291443329178, 0.1927424181256895, 1.0362682931082157, 0.16704861050222986, 0.2502508, 0.1668044, 0.1665926
proxy, 0.999996375350984, 0.002200691599172397, 1.3298280752392004, 0.0021418599242157403, 0.0, 0.0, 0.0
shapley, 0.9899338410304833, 0.11570717568156202, 1.172820041087294, 0.10032052370253298, 0.1251254, 0.0875371, 0.1000266
svcg, 0.9898577862858531, 0.11614081899908045, 1.1719348152076023, 0.10074188324283226, 0.08341693333213993, 0.05545993333376724, 0.06661386666645133
bid, 0.9379810700231608, 0.28737899378310594, 0.8376860579631444, 0.24858948718807594, 0.4999802, 0.251708, 0.2511464